# logA ns H0 ombh2 omch2 tau
 3.537302711425725901e-05 -2.767495301393407391e-06 -2.290267635155452883e-04 5.420959921554150278e-09 6.458896859823052645e-07 1.623091413909524678e-05
-2.767495301393407391e-06 4.444247354180607951e-06 3.549372332270468266e-04 -2.534065204647382582e-08 -9.967889084846029315e-07 7.553659762441941274e-07
-2.290267635155452883e-04 3.549372332270468266e-04 7.675075903005799949e-02 5.446126185823843570e-06 -1.933615170709631075e-04 1.276028332241087033e-04
 5.420959921554150278e-09 -2.534065204647382582e-08 5.446126185823843570e-06 2.211807752464484693e-09 -9.793346360429184951e-09 4.127533806027711534e-09
 6.458896859823052645e-07 -9.967889084846029315e-07 -1.933615170709631075e-04 -9.793346360429184951e-09 5.013032541181594225e-07 -3.294590023984650701e-07
 1.623091413909524678e-05 7.553659762441941274e-07 1.276028332241087033e-04 4.127533806027711534e-09 -3.294590023984650701e-07 8.647260807572638329e-06
